# List of input/precision parameters actually read
# (all other parameters set to default values)
# Obtained with CLASS v2.6.0 (for developers: svn version 6142M)
#
# This file can be used as the input file of another run
#
h = 0.67556
T_cmb = 2.7255
omega_b = 0.022032
N_ur = 3.046
omega_cdm = 0.12038
Omega_dcdmdr = 0.0
Gamma_dcdm = 0.0
N_ncdm = 0
Omega_k = 0.
Omega_fld = 0
Omega_scf = 0
YHe = BBN
recombination = RECFAST
reio_parametrization = reio_camb
z_reio = 11.357
reionization_exponent = 1.5
reionization_width = 0.5
helium_fullreio_redshift = 3.5
helium_fullreio_width = 0.5
annihilation = 0.
decay = 0.
output = tCl,pCl,lCl,mPk,dCl
non linear = halofit
modes = s
lensing = yes
ic = ad
gauge = synchronous
P_k_ini type = analytic_Pk
k_pivot = 0.05
A_s = 2.215e-9
n_s = 0.9619
alpha_s = 0.
l_max_scalars = 2500
l_max_lss = 1000
P_k_max_h/Mpc = 1.
z_pk = 1
selection = dirac
selection_mean = 0.9       , 0.90512821, 0.91025641, 0.91538462, 0.92051282, 0.92564103, 0.93076923, 0.93589744, 0.94102564, 0.94615385,0.95128205, 0.95641026, 0.96153846, 0.96666667, 0.97179487,       0.97692308, 0.98205128, 0.98717949, 0.99230769, 0.9974359 ,       1.0025641 , 1.00769231, 1.01282051, 1.01794872, 1.02307692,      1.02820513, 1.03333333, 1.03846154, 1.04358974, 1.04871795,       1.05384615, 1.05897436, 1.06410256, 1.06923077, 1.07435897,       1.07948718, 1.08461538, 1.08974359, 1.09487179, 1.1
selection_width = 0.1
non_diagonal = 39
root = pborncross/diagnostic/diagnostic_diracz1nz40_
headers = yes
format = class
write background = no
write thermodynamics = no
write primordial = no
write parameters = yeap
input_verbose = 1
background_verbose = 1
thermodynamics_verbose = 1
perturbations_verbose = 1
transfer_verbose = 1
primordial_verbose = 1
spectra_verbose = 1
nonlinear_verbose = 1
lensing_verbose = 1
output_verbose = 1
l_switch_limber = 40.
k_max_tau0_over_l_max = 20
q_linstep = 0.2
l_logstep = 1.07
l_linstep = 25
selection_sampling_bessel = 20
l_switch_limber_for_nc_local_over_z = 10000
l_switch_limber_for_nc_los_over_z = 2000
#
